100
0
0.5138
0.3481
0.8763
0.8635
0.25
0.4646
0.8639
0.0258
0.2898
0.5646
0.5293
0.9802
0.3012
0.6585
0.2751
0.6457
0.5619
0.2731
0.5498
0.1029
0.7482
0.3398
0.3708
0.4314
0.6058
0.9036
0.9211
0.6995
0.6921
0.0466
0.7697
0.9548
0.4312
0.8397
0.2043
0.8194
0.4154
0.4517
0.2463
0.437
0.4199
0.4466
0.4657
0.0753
0.6105
0.3637
0.2838
0.8822
0.1842
0.4257
0.2569
0.5878
0.8683
0.2363
0.7958
0.5524
0.4859
0.1324
0.1241
0.6518
0.0183
0.5915
0.2371
0.5173
0.9993
0.3566
0.3604
0.5247
0.9666
0.6851
0.3975
0.2633
0.26
0.6648
0.032
0.2448
0.1002
0.2412
0.7927
0.7671
0.2364
0.6281
0.7532
0.1431
0.9209
0.2008
0.3792
0.699
0.0293
0.2597
0.3951
0.5028
0.2558
0.7316
0.1339
0.6021
0.0545
0.353
0.6292